Part 4
f77dadd14661=87.8828125
d072af4beac5=97.0
c89b7db82be0=243.80555555555554
b91ec65ebf84=432.0440097799511
a19cef2abc8c=3585.0